!w0
[[[[ 0.19360736 -0.29355347  0.04546651 -0.0715133   0.1249431 ]
   [-0.07106436 -0.24080814 -0.31326954  0.19030109 -0.30167329]
   [-0.27386233 -0.24116185 -0.03501879 -0.25105828  0.28678683]
   [-0.10174185 -0.48196881  0.13456041 -0.22284855 -0.1649656 ]
   [-0.28985224 -0.08416958  0.01456206  0.25765986  0.26096765]]]


 [[[-0.10665102 -0.17005585  0.38565612 -0.0566112   0.28159701]
   [ 0.05892666  0.32601809 -0.04209393  0.43996898  0.07570742]
   [-0.04212589 -0.00702297  0.40833     0.22906474  0.30455116]
   [ 0.07550707 -0.24038135  0.08725768 -0.19834318  0.25962925]
   [-0.16299878 -0.19685421 -0.07076936  0.06099629  0.12096542]]]


 [[[-0.1405457  -0.28845015 -0.30972793  0.24386349 -0.20707642]
   [-0.14637309 -0.30207157 -0.30762626 -0.1141089  -0.3096816 ]
   [-0.20543325 -0.10759765 -0.59429486 -0.51351984 -0.01686384]
   [ 0.21759613 -0.00568575  0.03974473 -0.22974727 -0.24444113]
   [ 0.16120616  0.50747335  0.16751076  0.10283    -0.019713  ]]]


 [[[-0.20158011  0.05458513 -0.0838288  -0.18790226 -0.16407903]
   [ 0.30402351  0.49775646  0.26282536  0.12977618  0.09020791]
   [-0.04539147  0.50310383  0.43918117 -0.10087292  0.34274315]
   [ 0.47852852 -0.0615399   0.08267101 -0.00354137 -0.10081014]
   [ 0.37249483 -0.28821246  0.13997845 -0.23551713 -0.10819919]]]]
!b0
[ 0.08255723  0.03840814  0.11740301 -0.48959755]
!w1
[[[[  1.33159012e-01   1.77445380e-01  -6.03216811e-02  -1.31647848e-01
     -8.85955790e-02]
   [ -1.16700634e-01  -1.45597319e-01   1.41253145e-02   9.92990069e-02
      1.01252517e-01]
   [ -4.68637785e-02  -1.51592883e-01   1.21386555e-01  -1.22047070e-01
     -9.31845409e-02]
   [ -4.32940788e-02  -5.28412410e-02  -1.73580797e-01  -9.75790613e-02
     -9.21766411e-02]
   [ -3.94551092e-02  -1.34905983e-01  -2.35955445e-01   1.18171278e-01
     -3.18744340e-01]]

  [[ -2.58565619e-01  -2.34968202e-01   6.75559839e-02   1.77248979e-02
      2.03650269e-01]
   [ -1.59718187e-01  -1.41264580e-01  -4.75362785e-02  -2.41617465e-01
     -4.20434446e-02]
   [  2.61981390e-01  -7.17515245e-02  -1.15485680e-01  -3.07829111e-01
     -2.14785628e-01]
   [ -4.21090304e-02   1.92719387e-01  -1.36122572e-01  -3.62193870e-03
     -1.32925330e-01]
   [  9.16490765e-02  -7.80481657e-02   1.53230927e-01   1.71057424e-01
      1.99692512e-01]]

  [[  6.11875975e-02   4.93390584e-02   1.00270314e-01   1.78803018e-02
     -3.51133938e-02]
   [ -1.28865367e-01   2.75428696e-01   2.14866505e-01   3.28431906e-01
      1.03292937e-01]
   [ -1.14509124e-01   2.28980201e-01  -1.04161093e-01   1.35259870e-01
      3.51079571e-01]
   [ -9.89083681e-02   1.52668448e-01  -1.37100667e-01   1.61961770e-01
      2.55596893e-01]
   [  5.31897144e-02   2.62729590e-03   7.16804481e-02  -2.23863413e-01
     -2.47082157e-01]]

  [[  1.42515345e-01  -1.91803942e-01  -3.28037059e-02   7.00882780e-02
      2.63672289e-01]
   [ -1.28138460e-02   7.10698636e-02  -4.58123911e-02  -1.59304587e-01
      8.81179073e-02]
   [  1.09195395e-01   2.80166835e-01   1.72698375e-01   1.28776459e-01
     -1.38013145e-01]
   [ -1.58957004e-01   1.98248931e-01   1.36342940e-01   1.63779831e-01
      9.98126734e-02]
   [  1.95078388e-01   1.34945580e-02   1.78484274e-01   2.63213444e-02
      3.30474083e-01]]]


 [[[  1.62543351e-01  -1.97688447e-01   8.31328752e-02   2.16801884e-01
     -1.66760718e-01]
   [ -1.21834366e-01  -1.68421598e-01   5.55579439e-02   1.45300971e-01
      4.02484768e-02]
   [ -7.83541976e-02   1.87262205e-01   5.71855487e-02   2.54961604e-01
     -6.25665676e-02]
   [  1.26440392e-02  -4.62249920e-02   2.97370714e-01  -1.08257056e-01
     -1.53471143e-01]
   [  1.20021921e-01   1.92447218e-01   1.17404469e-01   7.90682153e-02
     -1.95628812e-01]]

  [[ -1.65993257e-01   2.17314370e-02  -2.12059447e-01   1.76449352e-01
     -8.59130424e-02]
   [ -1.82581354e-01  -1.93645107e-01   4.13475587e-02   9.99416017e-02
     -1.06356615e-01]
   [  6.74777932e-02  -1.17503000e-01  -1.81805117e-01   3.45319356e-02
      1.31123681e-02]
   [ -1.18518519e-01  -2.29383888e-02  -6.33653995e-02  -8.90421173e-02
     -2.47761049e-02]
   [ -3.26420874e-01  -8.70025252e-02  -1.55693581e-01   3.71128455e-02
      1.20087580e-02]]

  [[  3.43995440e-02  -2.37137625e-01  -2.59813041e-01  -4.81386643e-02
     -7.04203840e-02]
   [ -1.17466540e-01  -1.30823451e-01   7.97455193e-02  -6.44532408e-02
     -9.29136855e-02]
   [  5.83801914e-02  -1.42245343e-01   2.43186363e-02   1.98942205e-02
     -3.08268956e-02]
   [  1.32099970e-01   1.26141617e-01   1.83531359e-01  -2.46133177e-01
     -2.04636300e-01]
   [  3.58373061e-02   1.13359717e-01  -1.85856230e-01  -2.57079931e-01
      4.37167086e-02]]

  [[  9.33894200e-02  -1.13410229e-01   2.50172543e-02  -1.50237088e-01
      1.84971589e-01]
   [  1.33502473e-01  -9.04557564e-02   5.33350682e-02  -9.05069082e-02
      4.79299810e-02]
   [  2.88477872e-01  -1.81966144e-01  -1.86237219e-01  -2.37862802e-01
      2.23695119e-01]
   [  2.89452900e-02  -4.84317679e-03  -2.87469979e-01   6.24711534e-02
      2.37682773e-01]
   [ -9.92285473e-02  -2.95465169e-01   1.91775100e-02  -8.47098236e-02
     -9.53822037e-02]]]


 [[[ -2.25622063e-01  -1.63719883e-01   1.83397474e-01  -1.70850590e-01
     -8.41170643e-02]
   [ -3.05055831e-02  -1.57939987e-01   1.91121014e-01   1.81351968e-01
      2.85233845e-01]
   [ -1.17914606e-01   9.22038352e-02  -1.02425916e-01  -1.19831164e-01
      6.46801419e-02]
   [ -9.35262523e-02  -1.83110022e-02  -8.97819594e-03  -1.57565430e-01
     -2.77236739e-02]
   [  8.78165481e-02   1.44249778e-01   9.55492793e-03   2.45346477e-04
      1.68168427e-01]]

  [[  1.58470737e-01  -1.28749869e-01   1.74935502e-01  -3.04874567e-01
     -2.14061195e-01]
   [ -6.63140105e-02   6.69677334e-02   9.12089845e-03  -2.34121288e-02
     -3.53602649e-01]
   [ -1.04142603e-01   1.65230648e-01  -2.07094473e-01  -7.42579738e-02
     -2.37435446e-02]
   [ -1.40401593e-01  -1.72835671e-01   2.78744251e-02   1.90600569e-01
     -4.81326482e-02]
   [  1.93002908e-02  -1.37906329e-01   9.94815607e-02  -1.34186951e-01
     -8.81179107e-02]]

  [[  5.73463724e-02  -1.17609218e-01  -2.22780158e-01  -1.10601423e-01
     -9.46226590e-03]
   [  9.10064332e-02  -8.79542538e-02   1.07977992e-01   1.66344620e-01
      3.11251521e-01]
   [  3.25726129e-02  -2.93009001e-01  -6.88760783e-02   9.04935934e-03
     -2.37860413e-01]
   [ -2.41946611e-02  -1.75992740e-02  -1.18771592e-01   1.50880845e-02
     -1.09794021e-01]
   [ -1.92420014e-01   3.49584630e-02   1.45254506e-01   7.89044108e-02
      9.61066181e-02]]

  [[ -1.67126367e-01   1.01067565e-01   8.47134806e-02   6.78589412e-02
     -8.94906611e-02]
   [ -1.08275743e-02   2.80615114e-02   2.76184141e-01  -6.98768606e-02
     -1.35015302e-01]
   [ -1.15876294e-01   1.87782128e-01   1.82017698e-01   1.72978764e-03
     -1.12643960e-02]
   [  1.25768207e-01   1.33521751e-01  -9.50170749e-02  -2.84833169e-02
     -1.71414615e-01]
   [  2.17130091e-01   4.21490535e-02  -6.49780854e-02   2.77091737e-02
      7.16219162e-02]]]


 [[[  7.63642277e-03   1.51611175e-01  -5.58002984e-02  -1.44380713e-01
      1.59379634e-01]
   [ -1.31570713e-02   1.36219709e-01  -1.74299390e-01  -1.09178278e-01
      3.99654072e-02]
   [  1.76505827e-01  -7.64707737e-02   3.53865019e-02  -1.26320059e-01
      2.90294763e-02]
   [  5.18366165e-02  -7.83935401e-02   1.51370412e-01   8.05372771e-03
     -2.87045680e-03]
   [ -3.14053051e-02   1.95059149e-01   9.82863692e-02  -1.09409877e-01
      5.69496634e-02]]

  [[ -9.62978707e-02   5.76846469e-02  -1.46216216e-01   4.53384263e-02
      6.52406817e-02]
   [  1.32276209e-01   1.69652698e-02  -3.04006557e-02  -8.77198949e-02
     -1.63302760e-02]
   [ -3.23376544e-02   1.22379060e-01  -2.94445666e-02   5.19375327e-02
      2.21105336e-01]
   [ -1.32949440e-01  -1.95475987e-01  -2.55540462e-01  -2.44383821e-01
     -5.61617737e-02]
   [ -2.34628794e-02  -7.46465002e-02  -1.71299080e-01  -1.79555263e-01
      2.95107679e-02]]

  [[  1.21201309e-01  -3.54011213e-02   3.67073571e-02  -1.08606488e-01
      1.73512380e-01]
   [  9.16702744e-02  -4.03592225e-02   5.78613228e-02  -1.94649181e-01
     -1.51109476e-01]
   [  1.40172098e-01   3.13963353e-02   1.67972092e-02  -3.04733696e-02
     -1.25241673e-01]
   [  3.04602759e-01   2.89456030e-01   3.01717434e-02   1.51904065e-01
      1.98495128e-02]
   [  3.49513914e-01   1.02876924e-01   2.14268225e-01  -4.39908634e-02
     -1.57645112e-01]]

  [[ -7.74252668e-02  -2.12430906e-01  -1.39337937e-01   4.15291486e-02
      2.16334246e-01]
   [ -1.94109559e-01   1.14026369e-02   2.65038476e-01  -6.43988652e-02
      1.65582931e-01]
   [  1.22498260e-01  -1.20412606e-01   1.41667210e-01  -3.77294939e-03
     -3.38001937e-02]
   [ -2.08423220e-01  -3.18004519e-01  -6.91734154e-02  -1.23920341e-01
     -2.07429190e-01]
   [ -9.16331306e-02  -8.21328070e-02   8.12650597e-02  -5.97939206e-02
     -1.02816880e-02]]]


 [[[ -2.42302782e-02  -1.73392959e-01   4.25125754e-02   1.82903475e-02
     -9.00788363e-02]
   [ -2.38197533e-01   6.04314007e-02  -1.47093654e-02  -2.06081841e-01
     -1.59137598e-01]
   [  2.79097742e-01   2.93921489e-01   1.76413024e-01   2.01710621e-01
      7.20419067e-02]
   [  5.10490008e-02  -8.60203319e-02   1.49902021e-01   9.51671083e-02
      1.63227019e-01]
   [ -3.58011533e-02   6.59790569e-02  -1.56292545e-02  -5.28846826e-02
      1.65489161e-01]]

  [[  1.20499061e-01   1.99028036e-01   1.92597834e-01   2.00243130e-01
      1.79662018e-01]
   [  3.18612645e-02   8.05099370e-02  -9.67681389e-02  -1.29563078e-01
      6.66094018e-02]
   [ -1.69512027e-01  -2.13903301e-01  -6.73541256e-02  -5.35749730e-02
      1.50757098e-01]
   [ -1.18005372e-01  -1.50985949e-01  -2.86319250e-02  -1.24333484e-01
     -1.93318467e-02]
   [ -2.32241792e-01   7.31879364e-02  -1.65495314e-01  -4.76321095e-02
     -1.31919504e-02]]

  [[  1.03276838e-01  -1.21048580e-01  -1.16472566e-01  -1.59091400e-01
      1.06459171e-02]
   [ -2.26546927e-01  -1.41062898e-01   1.44117888e-01   1.07285003e-01
      8.53227635e-02]
   [  9.28234421e-02   9.27320446e-02   3.41819892e-01  -3.05741770e-02
     -1.30380709e-01]
   [ -4.61900047e-02   1.81165485e-01   1.47921214e-01   1.33853343e-01
      4.02703381e-01]
   [  2.07409772e-01  -5.22435273e-03   5.67815720e-02   2.46880030e-01
      8.92320291e-02]]

  [[  1.92230962e-01   2.29229247e-01   7.86709102e-02  -6.07499192e-02
      4.36934539e-02]
   [  3.00613932e-01  -2.06058098e-01  -9.50794392e-02   1.41659986e-01
     -1.75247492e-01]
   [  1.19039188e-01  -2.32694261e-01   1.09294471e-01   1.81436808e-01
     -1.18546275e-01]
   [ -1.78956229e-01  -2.35684025e-01  -1.77999546e-01   8.49683281e-02
     -1.25779491e-01]
   [  4.87943115e-02   2.36395998e-01   6.06423776e-02   1.55001781e-01
     -1.33342161e-01]]]


 [[[  1.64683730e-01   1.20915110e-02   1.49436569e-01   1.25675914e-01
      2.44224715e-01]
   [ -1.59076638e-01  -7.64744322e-02  -9.87654270e-02   1.60227231e-01
      1.02592142e-01]
   [ -2.19887676e-03  -1.66982290e-01  -1.42534470e-01   5.12570199e-02
     -1.53903538e-01]
   [  1.24032709e-01  -1.20444746e-01  -6.71925468e-02   5.10398962e-02
     -1.68650598e-01]
   [ -1.04687742e-01  -3.69913335e-02   2.14674175e-01   2.09260414e-01
      2.26224667e-01]]

  [[ -1.49436700e-02  -1.34004988e-01  -1.61510523e-01  -2.01674106e-01
      3.41099758e-02]
   [ -1.77292998e-01  -2.19232398e-01  -6.71073736e-02  -2.87225273e-01
     -1.65922709e-01]
   [  8.28652770e-02  -9.43529018e-02   2.59436171e-01  -9.45356253e-02
     -5.70141694e-02]
   [ -7.42321242e-02   1.79603993e-01   1.14710722e-01   2.02405059e-01
      5.31505221e-02]
   [ -1.09071058e-01  -1.07064268e-01   2.13576030e-02  -2.14872923e-01
      5.09011234e-02]]

  [[  1.90495650e-01   1.59467104e-01   4.42541910e-01   1.97972986e-01
      2.57834717e-01]
   [  5.24268383e-02   7.76232273e-02   3.79297059e-01   6.16375394e-02
      1.64324539e-02]
   [  1.55351067e-01  -2.01872929e-01   1.26047960e-01   1.08796115e-02
     -1.41928467e-01]
   [  1.34608025e-01  -1.97832464e-02  -1.27067677e-01  -8.21442629e-02
     -5.30346020e-02]
   [ -1.11198420e-01  -8.21635559e-02   1.24508540e-01   6.07973644e-02
     -4.23164893e-02]]

  [[ -1.88772162e-01  -1.46740731e-01  -1.56123603e-01  -2.35983109e-01
     -2.73902771e-01]
   [  2.29957700e-01  -8.01668261e-02  -2.08464344e-02  -1.50168988e-01
      1.55826470e-01]
   [  2.29558680e-01   1.71069235e-01   2.99435839e-01   1.90140690e-01
      3.43361065e-01]
   [  1.54739509e-01   2.34358794e-02   1.31141824e-01   2.25494922e-01
      1.02845936e-01]
   [ -4.09659699e-02  -1.29627022e-01  -1.32147987e-01  -2.85972396e-02
     -1.67223336e-01]]]]
!b1
[-0.1538684  -0.20334576 -0.15282722 -0.18075029 -0.01663601 -0.22019325]
!w2
[[  5.56076097e-03  -1.48107306e-01  -6.71325959e-02  -1.01774620e-01]
 [ -3.31351640e-01  -2.56605684e-02   1.82749616e-01  -5.21414895e-01]
 [  1.69625765e-01  -1.90390281e-01   6.69607197e-02  -1.77545890e-01]
 [  4.25608515e-01   1.82277565e-02  -1.28978669e-01  -2.41599990e-01]
 [  1.57217157e-01  -1.25015043e-01  -2.15408407e-01  -1.83817776e-01]
 [  1.28935263e-01   3.32229402e-01   5.05689988e-02  -2.09042223e-01]
 [ -2.29456855e-02   3.50174491e-01  -8.26595008e-02  -3.54131327e-01]
 [  1.69357468e-01   3.94087721e-01  -1.50019794e-01  -5.00749711e-01]
 [ -1.29414115e-01   1.86237065e-01  -3.09540226e-01   2.78832851e-02]
 [ -3.39182346e-01  -1.93662649e-01  -4.03370567e-01   6.35091768e-02]
 [  8.26485180e-02  -1.03853155e-01  -3.79713622e-01  -2.02435176e-01]
 [  3.48120133e-02  -1.00199715e-01  -1.35272662e-01  -2.66884314e-01]
 [  2.41220626e-01  -2.57493757e-02   1.38590846e-01  -7.32337074e-02]
 [  2.17590846e-01   1.08889032e-02   7.26918155e-02   8.36323260e-02]
 [  2.58942315e-01  -2.62632828e-01   1.62586976e-01   1.29898620e-01]
 [  2.98787958e-01   4.11349158e-03  -1.12044432e-01  -2.04204333e-01]
 [ -1.01811912e-01   3.43564580e-01   1.87366008e-01   1.76888107e-01]
 [  1.49292241e-01   1.07675609e-01  -1.81554749e-01   2.24984296e-01]
 [ -1.18243830e-01  -2.77939587e-01  -5.23197776e-02  -4.32351344e-02]
 [ -1.62297186e-01   1.84447988e-01   2.09739285e-01  -1.42694358e-01]
 [ -1.17751043e-01   1.42080048e-01   3.01547206e-01   1.10612810e-01]
 [ -2.57742104e-01  -1.66550633e-01   2.33930076e-01   5.52716638e-01]
 [ -1.38553922e-01  -2.82149875e-01   3.80293649e-01   4.40911628e-01]
 [ -3.21426482e-01  -1.52540530e-01   5.22545359e-02   2.95344515e-02]
 [ -2.39200155e-01  -3.28527923e-01   9.89942447e-02  -6.46900129e-02]
 [  1.78824491e-01   3.96062515e-01   1.57663272e-02  -1.32794272e-01]
 [  1.43432508e-01   1.52405203e-01   5.18151301e-01   9.27624228e-02]
 [ -9.77700022e-02   6.90933593e-02  -4.19237999e-01   8.65142292e-02]
 [ -1.93061788e-01   7.36438648e-03   1.44758401e-01   5.41888067e-02]
 [  9.20344877e-02   1.79158686e-01   3.03532188e-01  -2.35790747e-01]
 [ -7.08222152e-02  -2.81734504e-02   1.86954103e-02  -7.09109101e-02]
 [  9.15100278e-03   1.68549175e-01  -1.58742360e-01  -1.96871713e-01]
 [ -6.56013465e-03  -1.05437776e-01  -2.24170910e-03  -1.24655587e-02]
 [  1.04207712e-01  -1.58524124e-01  -4.52181258e-03   7.99566054e-02]
 [ -4.29372612e-01  -1.53233985e-01   1.94729520e-01  -2.96233975e-02]
 [  9.25003265e-02   2.36887613e-02  -2.39196806e-01  -1.37649544e-01]
 [  2.30729057e-01  -3.64623422e-02  -1.93059124e-02  -6.53268621e-02]
 [  2.46417321e-01   3.17406713e-02  -2.64770545e-01   4.97582599e-02]
 [ -2.06500903e-01  -1.68104841e-01   2.07254246e-02  -1.87397233e-01]
 [ -4.26881135e-02   2.97258037e-01   2.69184567e-02   1.34598854e-01]
 [  1.61429124e-01  -2.47717898e-01   1.07827904e-01  -3.90335892e-01]
 [ -1.94526916e-01  -2.31374219e-01   9.05241729e-03   2.80511604e-02]
 [ -3.95957098e-01   2.14209534e-01  -8.66509982e-02   7.54154933e-02]
 [ -1.66253404e-01   9.27693777e-02   2.10728504e-02   2.49255477e-02]
 [  1.44898986e-01  -9.46184880e-02  -3.10566297e-02  -4.42691470e-02]
 [ -1.04590856e-01   2.58452745e-02  -1.77785610e-01  -1.13028829e-01]
 [  2.83295575e-02  -7.75391558e-02  -7.71513350e-02   3.94345180e-01]
 [  8.31896938e-03  -1.03077779e-01  -2.29167153e-03  -1.30236028e-02]
 [ -3.04282858e-01  -7.95199801e-02  -7.19116798e-02   5.15232271e-02]
 [ -1.09213141e-01   1.27814335e-01  -1.75713865e-01   1.17007068e-01]
 [ -1.46689914e-01   3.41054508e-01   6.16491998e-04  -6.68545515e-03]
 [ -1.47789997e-01   7.51666545e-03  -4.69135117e-02   4.71822904e-02]
 [ -4.54855769e-01  -3.06905427e-01   3.10428234e-01  -1.95440135e-02]
 [  1.19957305e-01  -1.39124392e-01   2.17298838e-01   3.25371315e-02]
 [  4.52418348e-01   2.91169327e-01  -4.39121012e-03   8.56215440e-02]
 [ -1.93639959e-02   1.94668157e-01   7.75759094e-02   2.49607233e-01]
 [ -1.66466105e-02  -2.52456462e-03   2.49004455e-01   1.59260020e-01]
 [ -2.98728088e-01  -1.03008715e-01  -1.85246314e-01  -4.15946905e-03]
 [ -1.44249252e-01   2.11566554e-01  -1.49017026e-01  -6.38430660e-02]
 [  1.26660095e-01  -1.56651954e-01  -9.14527049e-02   3.51572452e-02]
 [ -4.05535239e-01  -1.24693455e-01  -3.62321517e-02   1.92365105e-01]
 [ -4.99845392e-02  -5.43252302e-03  -8.34112327e-02  -1.28765600e-01]
 [  1.02643092e-01  -2.49414151e-01  -1.79409313e-01   2.11817471e-01]
 [ -6.98986576e-02  -6.49093505e-02  -1.48900284e-01  -2.32241410e-02]
 [ -7.75421948e-02  -3.01083069e-02  -1.52566162e-02   1.18969348e-01]
 [ -1.26128445e-01  -1.64967595e-01   3.89819068e-02  -2.07538325e-01]
 [  1.76755015e-01   2.90159837e-01  -9.92518589e-02  -1.17933349e-01]
 [  6.27653924e-02   3.59989421e-01   2.33145591e-01   2.37373112e-01]
 [ -2.61420199e-01  -3.39640164e-01   8.03762617e-02  -1.31707642e-01]
 [ -2.36935470e-01   9.14773642e-02  -2.71537869e-02   3.17015960e-01]
 [  2.40035031e-01  -2.54468993e-01  -4.67769346e-02   2.03841129e-02]
 [  4.75685376e-01   2.04454611e-02   1.55804651e-01   5.53580983e-02]
 [ -1.04532159e-01  -8.59358690e-02   4.91822455e-02   3.55169207e-02]
 [  1.69976923e-01   2.75010893e-01  -1.39945632e-02  -3.30466839e-01]
 [  7.10260738e-02  -3.26272031e-02   2.98989039e-01  -1.18906174e-01]
 [  4.02459299e-01  -7.58069412e-02   2.25885697e-01  -2.60333453e-01]
 [ -4.23197923e-01   2.39733286e-01  -2.34824861e-01  -9.69385311e-02]
 [ -1.24921631e-01   3.93688892e-02  -3.49478412e-01  -1.11797482e-02]
 [  1.62688403e-01   2.14736819e-01   8.25935969e-02  -5.51935041e-02]
 [  1.29421100e-01   3.94595242e-02  -1.88274726e-01   2.63067575e-01]
 [ -2.04082720e-01  -4.90166116e-01   3.73498407e-03  -6.02264580e-01]
 [ -1.05338860e-01  -7.76565476e-02  -2.36441692e-02  -5.09276318e-01]
 [  4.22476448e-01   6.19598588e-01   2.82980606e-02  -1.47947779e-01]
 [  1.13299880e-01   2.38557332e-01  -2.80423628e-02  -3.00970467e-01]
 [ -2.95095062e-02  -7.47898563e-02  -4.28760805e-01  -1.44743964e-01]
 [ -2.09688107e-01   1.25318979e-01  -1.12776848e-02  -1.35964056e-01]
 [ -1.14075415e-01   9.09716696e-02  -1.18965466e-01  -2.90240571e-01]
 [  2.45556026e-01  -1.35422912e-01  -1.39594281e-01  -1.78250280e-02]
 [ -1.70648031e-01   2.65601474e-01  -2.50486726e-01   2.40511928e-01]
 [ -2.16771066e-01  -2.40956405e-01  -1.91176874e-01   1.10537333e-01]
 [ -3.41228926e-01  -2.24826321e-01  -2.13128010e-01  -3.09152014e-02]
 [ -4.77352975e-03   3.00415608e-01  -1.78143754e-01  -1.02276180e-02]
 [  4.86890959e-02  -2.83784298e-01   2.37408322e-01  -2.43368838e-01]
 [  2.79253027e-01   5.38026580e-02   2.65366947e-01  -4.38094565e-02]
 [ -2.82955651e-01  -4.38601863e-02   1.29422397e-01   2.00833122e-01]
 [  3.57186275e-01  -1.15147044e-01   2.68624909e-01  -1.89979739e-01]]
!b2
[ 0.03167885  0.09833179 -0.07877213 -0.19392681]
!w3
[[ 1.03281891 -1.14983968  0.86261072 -1.02991456 -0.69813531  0.98241405
   1.43886588 -1.37749424  0.89006727 -0.95139305]
 [ 1.46448462 -1.08295246 -1.20898624 -0.91801618 -0.43664845  0.95492068
  -0.37447508  1.06516233 -0.67888139  1.21539217]
 [ 1.25506748  1.30776171  0.99171189 -0.3488095  -1.08831729 -0.69779631
   0.8212272  -0.71666513 -0.60021505 -0.92396499]
 [-0.79494458  1.0695433  -0.81488399 -1.35382284  1.61924856 -0.61921937
   1.63405046 -1.09540385 -0.60300171  0.95843402]]
!b3
[-0.25192638 -0.07497    -0.09098047  0.034128   -0.10884261  0.18439756
  0.04678992 -0.2197492   0.39228811  0.08886508]
