!w0
[[[[ 0.24120425 -0.24087577 -0.32620468 -0.05358255  0.24525273]
   [ 0.28602983 -0.72139031 -0.51289418  0.01298044  0.0948538 ]
   [-0.25747902 -0.92104471 -0.00853057  0.00273457  0.41013458]
   [-0.40865173 -0.56734014  0.1103392   0.0946533  -0.12467494]
   [-0.56696383 -0.09809586  0.02031471  0.22549645  0.55611853]]]


 [[[-0.12389491 -0.11867353  0.269139    0.06600324  0.57907147]
   [-0.08619409  0.47884075 -0.0523747   0.38047908  0.03824797]
   [-0.52171518  0.24198795  0.42689361  0.29566534  0.07872826]
   [-0.13296836 -0.20888882 -0.10832376 -0.01086999  0.13255981]
   [-0.32170992 -0.82860528 -0.51615566  0.07356676  0.25469729]]]


 [[[-0.08829563  0.05146432 -0.16285927  0.15194637  0.28740845]
   [-0.80365777 -0.99797108 -1.12242223 -1.14991107 -0.41973828]
   [-0.14643225  0.04584826 -0.02685145 -0.47023591 -0.76212242]
   [ 0.56658044  0.11704529  0.31315501 -0.05669932 -0.3588552 ]
   [ 0.3051933   0.36530137  0.3739127   0.25548422  0.37499047]]]


 [[[ 0.04469836  0.05921581  0.27365218  0.04027248  0.02561017]
   [ 0.49488334  0.51007473  0.56341554  0.45342719  0.46645937]
   [-0.00284179  0.61779318  0.36147895 -0.01771656  0.2426324 ]
   [ 0.57274426 -0.04280312  0.20301413  0.15043355 -0.13241658]
   [ 0.38259767 -0.32256208  0.2899764  -0.07020355  0.14830928]]]]
!b0
[-0.23723063  0.03634856 -0.35534993 -0.45237062]
!w1
[[[[  1.85373913e-01   4.36895129e-01   4.36109685e-01   4.18362016e-01
      8.12958164e-02]
   [ -1.29554202e-01  -2.02130930e-01   3.65567584e-02  -4.05896037e-01
      5.41244227e-02]
   [ -2.09492623e-01  -4.81402642e-01  -1.41810822e-01  -4.05214192e-01
      1.45912234e-01]
   [  5.37326515e-02   2.06650734e-01   1.73432529e-01  -1.46358948e-01
     -1.16420228e-01]
   [ -4.02388129e-02  -1.35913696e-01  -1.71780346e-01   2.02148159e-01
     -3.37861442e-01]]

  [[ -2.65498649e-01  -2.83807470e-01  -6.98127630e-02   3.82575235e-01
      6.12389384e-01]
   [  2.81612391e-01   5.94560743e-02  -1.68963339e-01  -2.12015074e-01
      2.02072640e-01]
   [  1.30928822e-01  -3.62059807e-01  -7.78728445e-02  -2.34393585e-01
     -2.77799385e-01]
   [  1.60552314e-01   5.10832939e-01  -2.82498442e-01   4.76208482e-01
      2.44782065e-01]
   [  1.16491130e-01   3.69117173e-01   1.50156411e-01   6.68089179e-02
      3.19071236e-01]]

  [[ -1.23473968e-01  -2.62777719e-01  -2.20510858e-01  -3.04925886e-01
      1.43054978e-01]
   [  1.86138356e-01   1.29220732e-01   1.19561101e-01   3.48367529e-01
     -1.39456548e-02]
   [  1.79111895e-01   3.98468461e-01   2.61552472e-03  -2.29064224e-02
      1.51483008e-01]
   [  1.09036268e-01   3.85331224e-01   2.37201377e-01   2.24385294e-01
      4.10745455e-01]
   [  6.21037592e-01   5.15129619e-02   1.30341962e-01  -4.44932699e-02
      2.08702143e-02]]

  [[  1.99503701e-01  -1.11682165e-03  -1.73098315e-01   2.77909809e-01
      2.91232467e-01]
   [  1.13503858e-01   2.48115772e-01  -6.89408005e-02  -4.06408055e-02
      1.22145537e-01]
   [  3.80859079e-01   4.42666567e-01   1.29265534e-01  -3.06392609e-01
     -1.56963376e-02]
   [ -5.23812695e-02   1.15215859e-01   2.78688513e-01  -1.53949806e-01
     -2.09531155e-01]
   [ -1.35248195e-01  -1.63336128e-01   1.56264721e-01   2.90834044e-02
      4.82642105e-01]]]


 [[[  2.74523132e-01   7.85160171e-02   3.09475265e-01   1.67916560e-01
      3.55803510e-01]
   [ -4.39259465e-02   1.32089486e-01   2.43437603e-01   1.91602505e-01
      8.08786653e-02]
   [ -1.11920678e-01   2.52944713e-01   3.25659681e-01   7.96566219e-02
      1.17275889e-01]
   [  4.05263139e-01  -4.23632653e-03   3.55787199e-01  -1.19109525e-02
      1.01247331e-01]
   [  2.53504521e-02   1.18790838e-01   3.01315984e-01   7.88301348e-02
     -1.18372597e-01]]

  [[ -1.67366540e-01  -7.49542138e-03  -7.20241997e-02  -7.58641895e-03
     -2.47160867e-01]
   [ -2.19635414e-01  -2.13417703e-01  -3.29041041e-02   1.49314987e-01
     -1.86022136e-01]
   [ -1.69347264e-01   6.84426365e-02  -3.65230517e-01  -8.23066887e-02
     -1.46248261e-01]
   [ -3.09046150e-01  -6.46182771e-02  -2.54599156e-01  -2.27696584e-02
     -1.22756955e-01]
   [ -4.52261114e-01  -3.76475261e-01  -2.50343220e-01  -1.16858574e-02
     -8.99710615e-03]]

  [[ -1.71375883e-01  -2.93534309e-01  -1.23211593e-01  -2.75171595e-01
     -2.56543431e-01]
   [ -3.05990798e-01  -2.07532610e-01  -3.10893034e-01  -1.65986747e-01
     -8.92586130e-03]
   [ -7.54844608e-02   7.91666370e-02  -1.28664743e-01  -1.26514447e-02
     -1.60135403e-01]
   [  1.08645036e-01   9.50872771e-02   6.63635302e-02  -1.70442847e-01
     -1.56730785e-02]
   [ -2.44980963e-01  -9.67417866e-02  -9.23094638e-03  -1.76651920e-01
     -1.47242211e-01]]

  [[  9.10139032e-02   2.57844593e-02  -1.23381355e-01  -2.23732399e-01
     -2.72228764e-01]
   [  2.42873095e-01  -3.67143786e-02  -7.62763598e-03  -5.86841830e-03
      1.20316202e-02]
   [  4.06046306e-01  -9.33424358e-02  -1.21164886e-01  -2.47764170e-01
      5.56381497e-01]
   [ -5.16580060e-02   1.72114631e-01  -2.70655770e-01  -2.78598776e-01
      4.45483108e-01]
   [ -3.14057020e-01  -1.91436300e-01  -2.58950101e-01  -1.78580159e-01
      3.31250404e-01]]]


 [[[ -5.60084052e-02   1.04233864e-02   2.08875214e-01   2.50798533e-01
     -4.59698572e-02]
   [  3.35834693e-02  -1.20263385e-01   1.11348358e-01   1.92950614e-01
      3.36057732e-01]
   [ -1.53457110e-01  -1.33411602e-01   7.17575056e-02  -3.40695652e-02
      1.05731718e-01]
   [ -3.55767825e-01   1.83241360e-01   4.47314332e-03   3.85141841e-02
     -1.00732422e-02]
   [ -7.36633431e-02   1.12069055e-01   1.05186384e-01   4.10527712e-01
      1.86749800e-01]]

  [[  2.43779440e-02  -1.14643293e-01  -9.03373231e-02  -1.47490822e-01
     -2.54812637e-01]
   [  1.05949957e-01   6.14207367e-03   3.05096153e-02  -1.96197825e-01
     -3.68836058e-02]
   [ -3.09028099e-02  -4.80567177e-02   9.75722730e-03  -1.28055795e-01
     -5.52249986e-02]
   [  1.27335958e-01  -5.85492772e-02   1.05335460e-01   3.63915257e-01
     -1.18829362e-03]
   [  2.85960891e-01  -1.47004799e-01  -1.43621486e-01  -1.44178635e-01
      1.78936993e-01]]

  [[  8.04348183e-02   3.51732845e-02  -2.43433425e-01   1.28005759e-01
      1.56823430e-01]
   [  6.56277062e-02  -2.33352764e-01  -6.00183843e-02   2.66108147e-03
      2.33437638e-01]
   [ -2.22390782e-01  -2.26580731e-01   8.35964781e-03   1.86382040e-01
      1.92142044e-01]
   [ -4.00155711e-01  -3.76246142e-01   7.43220801e-02   2.18816911e-01
      9.30266790e-02]
   [ -4.04978688e-01  -1.17162230e-02   1.53546071e-01   2.59321426e-01
      1.98024968e-01]]

  [[  1.27707550e-01  -5.42474890e-02   1.13466808e-02   1.99912865e-01
     -8.48185699e-02]
   [  9.70735319e-02   2.01097724e-01   3.62215088e-01   7.61779188e-03
     -3.50047968e-02]
   [ -9.13175132e-02   2.52387695e-01   1.61874600e-01  -1.29725176e-01
     -1.98898455e-01]
   [  2.70298995e-01  -1.07703939e-01  -1.12487930e-01  -9.88204067e-03
     -9.24135038e-02]
   [  1.91975964e-01   3.30622689e-02  -2.63466183e-01  -9.72442214e-02
      8.81855641e-02]]]


 [[[  5.87228226e-02   1.93768546e-01  -1.28697879e-01   2.87224769e-01
      1.87333395e-01]
   [ -3.23900115e-01  -1.74132909e-01  -2.85602124e-01  -9.90940759e-02
     -3.22869046e-02]
   [  5.72991967e-02  -9.08983455e-03  -2.22365069e-01  -4.81841339e-01
      2.12159231e-02]
   [  6.42379949e-02  -3.99954422e-02  -1.99451385e-01  -4.43076219e-01
     -8.37955427e-02]
   [  8.17141574e-01   4.35053820e-01   4.40021457e-01   2.53415747e-01
     -5.96292997e-02]]

  [[ -5.56806126e-02   8.63496038e-02  -2.13367858e-01   1.53915139e-02
      7.73336768e-02]
   [ -2.21662136e-01  -1.26111454e-01  -1.72778108e-01  -2.11035305e-01
      2.11149194e-01]
   [  1.40478416e-01   2.87517640e-01   1.88190036e-01   1.85196190e-01
     -2.93015436e-02]
   [  4.76420533e-02  -4.89468562e-01  -3.88028442e-01  -3.12971962e-02
     -1.41861379e-01]
   [ -3.42574011e-01  -3.16845616e-01  -1.36399583e-01   4.43586053e-02
      1.68596893e-01]]

  [[  2.01386537e-01  -1.60528146e-01  -3.79090791e-01  -1.30751794e-01
     -2.13030517e-02]
   [  2.66110110e-01  -2.12758808e-02  -1.87684540e-01  -4.54748043e-01
      3.89805825e-02]
   [  4.81044847e-01  -3.72704887e-02  -1.19213856e-01  -1.46633146e-01
     -8.11944624e-02]
   [  2.33090508e-01   4.61491978e-01   2.02245431e-01   3.61371198e-01
     -3.57219444e-02]
   [  4.44343208e-01   4.00469510e-01   7.51161719e-02  -1.32986918e-01
     -1.56157866e-01]]

  [[ -2.59080816e-01  -1.75827972e-01   2.52312081e-01  -1.66968230e-01
      2.91787261e-01]
   [  2.50380628e-02  -8.31624875e-02   2.41655706e-01  -7.20368257e-02
      4.67218713e-01]
   [ -7.32705670e-03  -8.58091891e-02  -8.69097912e-02  -1.47855442e-01
     -3.84024470e-01]
   [ -3.07147508e-01  -1.45088192e-02  -8.01418563e-02  -1.48714190e-01
     -9.02587952e-02]
   [ -3.67490375e-01   4.08865863e-02  -1.01102941e-01   1.52772909e-02
      1.66823647e-01]]]


 [[[ -2.22320845e-02  -7.83116264e-02  -1.50020783e-01   9.25811379e-02
     -1.30365137e-01]
   [ -1.16819149e-01   1.30281492e-01   3.29919336e-01  -4.46945469e-01
     -2.46609704e-01]
   [ -4.63091378e-01  -1.01547378e-01   1.84499291e-01   5.52159879e-02
     -3.65884231e-02]
   [  2.05093898e-01  -2.62638068e-02   2.69670748e-01   3.17441687e-01
      1.55675007e-01]
   [ -9.68988158e-02   1.31067776e-01   3.26804731e-01   1.89354956e-01
      2.84381410e-01]]

  [[ -5.17071973e-02   7.53656409e-03   2.54853722e-02   6.33946568e-03
      1.27672578e-01]
   [  1.20156835e-02   3.97912090e-01   1.03202866e-01  -1.03164289e-01
      3.26512611e-01]
   [ -6.47522813e-02   1.31800698e-02  -1.53128364e-01  -1.57559738e-01
     -1.15153388e-01]
   [ -1.64713284e-01  -1.02075159e-01  -1.00505937e-03   3.27586725e-02
     -1.84943508e-01]
   [ -1.79450816e-01  -8.57129940e-02  -4.72383613e-01  -1.11998809e-01
     -2.00050699e-01]]

  [[  1.13107802e-01   6.75845113e-02  -1.29825230e-01   7.79577407e-03
     -3.94468318e-01]
   [ -1.58332056e-02  -3.31738222e-01   3.20252940e-01   3.97325113e-01
     -2.13908423e-02]
   [ -1.13705721e-01   2.14174628e-01   9.51860722e-01   2.71604804e-01
     -6.42267503e-02]
   [  1.46643013e-01   6.29139603e-02   2.90880898e-01   3.02479923e-01
      5.04484006e-01]
   [  4.69233993e-04   1.13646748e-01   9.83378179e-02   2.29824341e-01
      3.09250962e-01]]

  [[  1.27618022e-01   2.54708527e-01   2.43466008e-01   2.07115274e-01
      2.58074390e-01]
   [  2.16130645e-01  -1.39894788e-01   2.37777189e-02   2.76675097e-02
     -1.05204695e-01]
   [ -9.91110673e-02  -3.85342673e-01   3.80231111e-02   2.04829015e-01
      1.51284110e-01]
   [ -1.77075091e-01  -1.89680919e-01   5.25277950e-02  -4.99091914e-02
     -1.49259002e-01]
   [  8.19574597e-01  -2.71305760e-02  -4.84560605e-01   9.04903757e-03
     -4.83469988e-01]]]


 [[[  1.90006730e-01   1.80942663e-01   4.16240759e-02   1.79942280e-01
     -4.54054696e-03]
   [ -7.09175091e-02  -2.23984108e-01  -8.63438588e-02  -6.02476464e-02
     -1.64729268e-01]
   [ -9.82208376e-02   8.24212392e-02  -9.82837943e-02  -1.96841345e-01
     -1.49636053e-01]
   [ -7.49480484e-02  -2.26837685e-02   9.31844183e-02  -1.24018865e-01
     -2.18770393e-01]
   [  1.02330807e-03  -8.40816649e-02  -1.11131188e-01  -3.98886979e-03
      5.27382117e-02]]

  [[ -1.01449896e-01   3.47985315e-02  -5.37211939e-02  -3.87181286e-01
      6.17882952e-02]
   [ -1.13519532e-01  -2.45605931e-02  -2.74030339e-01  -8.80377917e-02
      5.73137976e-02]
   [ -9.78311037e-03  -1.10228510e-02   1.50878186e-01   2.00590815e-01
      1.95045310e-01]
   [ -2.39430925e-01   1.50497148e-01   6.82690846e-02   2.15393446e-01
      2.70321861e-01]
   [ -2.04401285e-01  -6.09384927e-02  -1.47719907e-01  -1.92067635e-01
     -4.52961479e-02]]

  [[  3.23530959e-01  -1.19309031e-01   1.84299578e-01   4.24516105e-01
      3.27911078e-01]
   [ -1.12165124e-02   3.09558661e-02   2.68700510e-01  -3.83952898e-02
     -1.68388129e-01]
   [ -2.55733001e-02   2.92541309e-02   1.26437233e-02  -1.13869050e-01
     -1.49805666e-01]
   [ -2.71698073e-02  -1.60616604e-01  -5.06820108e-02  -1.16198668e-03
     -1.14508203e-01]
   [ -3.34428884e-02  -1.65211607e-01   9.20070289e-02  -2.10287355e-02
      7.73955090e-02]]

  [[ -4.92572980e-01   1.05007653e-01  -3.09495776e-02  -3.36326613e-01
     -4.65078802e-01]
   [  3.32584513e-01  -3.28054456e-01  -1.07722832e-01  -2.07618942e-01
      6.38451414e-02]
   [  2.75404092e-01   1.83541637e-02   1.75501796e-01   1.54629949e-01
      3.50350472e-01]
   [ -1.01278557e-01  -2.08612194e-01  -1.49162105e-02  -5.11655739e-02
      1.71314327e-02]
   [  1.72451961e-01  -1.43514714e-01   6.60699044e-02   9.00762812e-02
      1.40543216e-01]]]]
!b1
[-0.52597599 -0.821454   -0.66535501 -0.38247845  0.12807135 -0.59168851]
!w2
[[ -4.72110470e-01  -4.89743139e-02  -3.22436682e-01  -1.44267380e-01]
 [ -2.07343188e-01  -4.41628962e-02   1.37422183e-02  -7.97315624e-02]
 [  1.26449068e-01   8.85057056e-02  -3.70008245e-01  -2.65858268e-01]
 [  2.63318929e-01   1.18254681e-01  -1.10856193e-01   8.37963227e-03]
 [  1.11825318e-01  -1.31912742e-01  -3.61632778e-01   9.53258386e-03]
 [  2.55797426e-01   1.53048339e-01   1.51998677e-01   1.72038946e-01]
 [  2.42438855e-01   2.10019280e-02  -1.35544188e-01  -1.25409849e-01]
 [  2.03693375e-01   1.73643213e-02   1.36763188e-01  -1.52046620e-01]
 [ -9.75361704e-02  -6.49863216e-02  -2.91760094e-01  -1.00253391e-01]
 [  7.01714999e-02  -3.20296645e-01  -3.27615071e-01   1.77919866e-01]
 [  1.66682797e-01   9.82719712e-02  -1.68977749e-01   6.45283481e-04]
 [  1.03005168e-01  -2.07618497e-02  -1.85588370e-01  -1.06846026e-01]
 [ -1.39381892e-01   3.98835261e-01   8.58628793e-03  -2.01448157e-02]
 [ -1.91867521e-01   2.70584885e-02   9.98897541e-02   1.91317898e-01]
 [  1.70557277e-01  -2.76796717e-01  -1.08355490e-01   4.22624216e-02]
 [  1.95148430e-01  -3.18945445e-01  -7.46725136e-02  -1.70133667e-01]
 [  1.46969356e-01   3.09705427e-01  -2.60185299e-01   2.65555755e-01]
 [  3.17042046e-01  -4.10586811e-01  -1.23532831e-01   5.19318395e-01]
 [ -2.48320701e-01  -1.24464776e+00  -2.60696389e-01   5.78735508e-01]
 [  4.41783273e-02  -6.44433789e-02  -6.40976698e-02   7.52087117e-02]
 [  1.38538430e-01   9.82636533e-02  -5.74014947e-02   2.51606641e-01]
 [ -2.84213987e-01  -1.83626125e-01   5.36892138e-02   1.45641200e-02]
 [ -1.43916950e-01   2.67760176e-01   8.11698397e-02  -7.37017017e-02]
 [ -4.39184664e-03  -2.09000294e-01   1.62514760e-01   2.31193177e-02]
 [  9.01216318e-02  -1.49551266e-01   2.07187141e-01  -3.50019139e-01]
 [  2.66667333e-01   2.99560049e-01   2.16793077e-01  -5.42312651e-01]
 [  1.52078646e-01   6.45048261e-01   8.88884307e-01   2.75703136e-02]
 [  2.40638298e-02  -1.15313278e-01  -7.70393220e-02  -1.48048999e-01]
 [ -2.21024635e-01   8.38892435e-02   5.00996478e-01   2.18233423e-01]
 [ -4.17268671e-01   1.28001689e-02   2.09924903e-01   2.53055794e-02]
 [ -4.29483626e-01   3.70280156e-01  -5.27882440e-01   1.57085351e-02]
 [  1.22937428e-01   2.71093568e-01  -6.22402848e-01  -2.47494277e-02]
 [  2.33078198e-01   2.60211658e-02  -3.54637120e-01   3.14758928e-01]
 [ -1.35663374e-01  -6.62414977e-02  -1.86150372e-01   3.13907590e-01]
 [ -1.96991742e-02   3.48091598e-01   7.77124891e-02   9.16734651e-02]
 [  7.47382051e-03  -1.76029829e-01  -1.22704233e-01   1.02037298e-01]
 [ -1.43160802e-01  -2.11065452e-01   1.22629202e-01  -4.36168449e-01]
 [ -9.56833735e-02   1.91306142e-01  -1.01684690e-01  -1.43718247e-01]
 [  6.55234837e-03   7.56713974e-02  -1.14235322e-01  -6.67741382e-02]
 [  2.58399771e-01  -5.11943850e-02  -2.19761174e-01  -2.85002545e-01]
 [  1.57124592e-01  -4.79575581e-01   1.96272983e-01  -1.90469498e-01]
 [ -2.04515991e-01  -6.75762415e-01   5.60789812e-02   5.37934268e-01]
 [ -7.40483248e-02  -2.53618242e-01   2.74502473e-02   1.49678820e-01]
 [  1.52953277e-01  -1.60218387e-02   4.73510456e-01  -1.17955505e-01]
 [  2.43376786e-01  -7.70795774e-02   1.87416007e-01   1.32386012e-01]
 [ -1.24961942e-01   1.77151715e-01  -6.71598579e-02  -1.27820516e-02]
 [ -2.89794197e-01   1.14126191e-01  -3.81957298e-01   2.15139588e-01]
 [ -1.27396673e-01  -7.91063559e-02  -4.73258685e-02   4.14795415e-03]
 [  7.89029144e-02  -3.07210358e-01  -2.95230441e-01  -6.14445471e-02]
 [ -1.30118670e-01   1.38164402e-02  -3.54324898e-01   8.37924834e-02]
 [  2.32395303e-01   3.15175717e-01   8.27285062e-02  -3.04828402e-01]
 [  1.11796153e-01   3.40764091e-01   4.01916295e-01   3.70254881e-02]
 [ -1.00998016e-01  -4.97953465e-01  -7.82592614e-02  -4.34371161e-01]
 [  9.02009216e-02   1.03154284e-01   1.45000147e-01  -4.34456742e-02]
 [  2.03771889e-01   2.88157360e-01  -4.33825624e-02   1.70462294e-01]
 [  2.31605297e-01   3.99058717e-01  -5.89405573e-02   4.33301428e-01]
 [ -3.73478553e-01  -1.48194587e-01   5.39023249e-01  -2.92611411e-01]
 [  8.58065964e-02  -1.44688533e-01  -2.15649731e-01  -2.87536442e-02]
 [  1.92265790e-02  -1.27665009e-01  -3.59215735e-01   1.80677980e-01]
 [  2.42107595e-01  -3.48502167e-01  -7.76081996e-01  -5.89382190e-02]
 [  1.02812686e-01  -8.50317636e-02   4.25040688e-01  -2.06821591e-01]
 [ -1.67932988e-01  -1.73451348e-01  -1.77429406e-01  -7.78583575e-02]
 [  2.23768771e-01  -1.21041849e-01  -1.59583165e-01  -1.51826031e-02]
 [ -9.67381043e-02  -1.03583982e-01   1.49860881e-01  -3.24627636e-02]
 [ -1.97533294e-01  -1.45892763e-01   2.97118482e-01   1.06766648e-01]
 [ -2.54058567e-01  -2.19417074e-01   3.23329589e-01  -1.46142338e-01]
 [ -5.49743323e-02  -2.29036107e-03   6.81235216e-02  -1.91900432e-01]
 [  1.78178182e-01   2.62292254e-01   7.28273423e-02   3.83580706e-01]
 [ -1.16786400e-01  -4.45955040e-01   3.71488454e-01  -4.83623684e-01]
 [ -6.90674415e-02  -1.12686637e-01  -2.23702205e-01   9.61960130e-02]
 [ -2.38681377e-02  -1.22559231e-01   1.31003101e-01   4.67737024e-03]
 [  4.52370482e-01   3.02101730e-01   1.93085741e-01  -7.35170283e-02]
 [ -2.58897534e-01  -1.59886417e-01  -3.88352514e-01  -4.22762121e-01]
 [ -2.43127732e-01   4.84264566e-01   9.91335166e-02  -3.24236467e-01]
 [ -1.58471229e-01   1.69279651e-02   9.85696146e-02   3.22996566e-02]
 [  1.75615832e-01   2.53634384e-01   2.41731003e-01  -1.09619236e-01]
 [ -6.02127425e-01   3.42686096e-01  -3.40795179e-01   1.23687667e-01]
 [ -1.55775208e-01  -1.89901481e-01  -2.23917891e-01  -3.39743320e-01]
 [  2.28820749e-01   1.83563316e-01  -4.01075276e-01  -4.14839087e-02]
 [  3.08107727e-01  -2.12835537e-01   1.75556037e-01  -2.90963365e-02]
 [ -2.84400256e-01   4.89817618e-02  -4.98663739e-02  -4.02416039e-01]
 [ -2.16761571e-02   1.47037199e-01   1.46109297e-01  -6.82445714e-02]
 [  1.53439151e-01   3.95004684e-01   4.60248590e-01  -1.32570004e-01]
 [  1.17516447e-01  -7.80456746e-02  -1.05137788e-01  -3.09117559e-02]
 [ -1.09710614e-01  -1.13709336e-01  -5.20627436e-01   8.39023664e-02]
 [  1.37214309e-01   1.06639514e-01   7.73408668e-02   1.50319526e-01]
 [ -3.74564932e-01   1.62847780e-01   3.13485795e-02   1.24840779e-01]
 [ -2.72924234e-02  -1.91001712e-01  -3.47735888e-01   6.58905134e-02]
 [ -3.38380487e-01   1.80174351e-01  -3.47060393e-01  -6.20909341e-03]
 [  2.34249277e-01  -3.00677487e-02  -2.18339503e-01  -6.54074758e-02]
 [ -2.55926554e-01   3.65047591e-01   2.04587518e-02   9.50267368e-02]
 [ -9.35456563e-02   6.91246586e-02   7.05752096e-02  -9.50029239e-02]
 [  3.53275527e-01  -5.19971992e-01   3.84557428e-01  -1.91992559e-01]
 [  1.45845606e-01   8.03966451e-02  -9.76162444e-02   1.93979226e-01]
 [  3.72740202e-02  -1.27182776e-01  -1.63374179e-01   5.57439332e-02]
 [  6.45722883e-01  -3.67558236e-01   3.13933989e-01  -4.73320429e-01]]
!b2
[-0.65176669 -0.17479753  0.69804494 -0.90664915]
!w3
[[ 2.59306417 -2.91249221  0.41665579 -2.11131418 -1.63793079  2.43003629
   3.65721612 -3.69579983  2.96128548 -1.70072083]
 [ 2.47253395 -1.813808   -2.77468937 -1.60834874 -2.22399754  2.77180699
   0.21062173  2.23936271 -2.63428619  3.36080446]
 [ 3.02779828  3.4061497   2.77374816 -2.4413936  -2.1390321  -3.0205477
   1.79059991  1.054119   -2.55071867 -1.90072298]
 [-1.47787172  1.92790695 -3.15394075 -3.41890435  3.67005011 -1.21283857
   3.89175222 -2.41025791 -0.09175701  2.27586103]]
!b3
[-0.37925211 -0.10924218 -0.27997541 -0.46847205 -0.36744107  0.09835286
  0.02816815  0.08770965  0.71218493  0.67796722]
